This line is a comment block. Write whatever you want here.
This line is a comment block. Write whatever you want here.
This line is a comment block. Write whatever you want here.
This line is a comment block. Write whatever you want here.
This line is a comment block. Write whatever you want here.
This line is a comment block. Write whatever you want here.
This line is a comment block. Write whatever you want here.
d500e31144a921c3ed3a8de796ad7ad9d5f3d600b814feef40990eee8f693f0d 3 3 418 6
831c81c71d72c665232892f95064f441fe3ca917f5e00dbdb7da9c99d96ee674 2 2 394 0
27a2cbeb64eaa004f27f46fa58a2f7bc47a7dead8d8521f49756ca8aaecf1329 2 2 209 0
129aeda9a1bad8b8bbec2928eb036afec1431a1721961d3cffa0fc38c0614efa 2 2 199 0
a027c83bb8cdf09c543dcab0b792e33931411322f18db1edae0e6880d0ac159f 1 1 10 0
c413fe292f7d7a0e1be57fe6a36bf13ffa168aefee2c6f8dabf905ca2bbbe30e 1 1 311 0
4e6b0ae623a9f613ed6780ae672ab16df9e8691a14f7e9ec205b9b387fec0151 1 1 254 0
0003a15e549cf55d25d95aeeb38f25aa6112a6c303aab16e1fc8cf6f87f06e24 1 1 254 0
d59e9be6f4904f9cc833f49110aad7e6040e2e094ecf780c2e6b1a21a0ceec91 1 1 498 0
3bc2e099ddd88e93ab189082c680951822121d00f24d384649c2518ad3480a75 1 1 403 0
041d6243d837ca8de11f9598e575edcd8f5fba6dfd75d9d34fad17c5aca45a78 1 1 321 0
7dd69326a70aa4155c542c0ecc1f574ffc73ad7daabedc594d70e62870f20f4f 1 1 3559 0
e4fc09f0dc8fc7c91299dba406081298745ac7cd483d604b7240ae5ae24d8cc7 1 1 223 0
e29ca2a0e9ebbe9eeb2b0c8f5af048d946b327560b7d0a24f76152b66953d69c 1 1 209 0
3cd41b849b67cfb4d95a21abd1896e76c20c74134a2c33cc1b6c8e6218c0afa5 1 1 308 0
f6c1711d377185aefdadc3d91e72b07532860c00aca09709ecf6b8949cb906c5 1 1 649 0
25c3afe4a6e87e8bbdf7716dbac64ae1c5cb2178af5ff7ce504ac331705268d6 1 1 301 0
d8ce23a516700f67b86694964c3f06e86b54e8f0944ddaa2e6099ca2a98f8b50 1 1 886 0
bca20e9dcdbf0d431ba25829431c27c95fe3b42fe33a5dc076b959a1cce69048 1 1 295 0
1ae9f3cb2f9570fa68f48f00ed41d286201a6eb8a89da85dea920dd6e28fdb43 0 0 0 0
850616f53713d73a80c3d3dbde168b0c93ee771cf5745027fe947a08adec93a6 5 5 1766 878
c1c741a96233f35c6baa1e3d7f141b6aa1cbf4db565a4d304f6370cb49127709 0 0 0 0
14fff7f5691f084298b8a2686469f1bf9b7b04d34ad191db590359d040e60a83 0 0 0 0
6febe88b8d469be376d37c4afc18a85de7b1fd56ad9a3d76b82e55a3f1facec4 1 1 421 0
1d225e6ab1e5c3d70a9a476226550163da6c192cd97ae413462f8227373f8ac9 1 1 112 0
f43ecad84cd979eac14a39655dd33cd6e744330a184dde903d289106db4def55 1 0 0 0
fe0d4e3782d064f972b2474e59aead46e4d724d849abd0174e74f8b98e43a039 963 0 0 0
5ccd10150aff943d38fa2705dbfb0409125022429e7a0367a16e4fdfb91f3260 1 1 291 0
df7b13fc7b03b31c1b7444dd3810fb2c90a333e85ea6eef6a1954c2764b9567d 1 1 7837 0
8b2f6846023475e9a3397adfdc7d93fa187c2bdf629f9f3118e3a8c8a6d6531d 15 0 0 0
c7aa72ae90e524bd8288fbcc2411610a320c07266593ba5dbbb9408f9ab4c48b 1 1 110 0
0f6010a335f6525a0996856048568281e3a6144b29820a4d049aae3668c0a541 1 1 213 0
bad47bc80a756de3f40fcee090e0d0329146b4fb6467331dbe59c113bc8235f0 1 1 738 0
648ca98e2909b724de3db038127ef0892d52d168f737cf395d88ccdef4d941b7 4 4 91 1
fa7a54c8e30b584ea8cd411a9f532988b23b5945852bd7938412dc141fb4e7b1 2 2 54 1
2eab2382ca2ae4b105e0694b870ca2916b4fba959397ae8d29ba9ad8a31e01e8 12 1 0 0
56b5eaf17766e9f6def6be51c5579563f66a8f57f59c5291f02f6bd12311f625 1 1 296 0
0f97e8d0889f300a42fb204c81d8e004355d80585d0afdf1939b0916921c4499 3 1 614 0
7044c975b475a9fef93c4c896f11b40c9ef28caed5972ef41863afa0b203507f 3 3 2608 1304
86e87d288b6a66578a56c6b3b5fc571412df3ded83a4485d27d84a3d27c4718f 3 3 872 94
26cd4441ee6ca68c0715fb1547be74e7c197d96a92a2e88b0b075f2a4eacf888 3 3 364289 1
2c41b2e4ce3238e6121a3736001089b52a14dc355ebb52810d3707178e3bd9de 1 1 767 0
ca7da657161230b35d6071431914e1c2b618f4142d23e35525bfb6dad1241448 3 3 7184 3
f2530b3a9e1a4cee802d691f0d44b56c71e650a35bac80960fcce93b2fcf46f6 8 3 565 1
e3b683e307e894a10a882c23595e4cde4b180ed362ff1ee6bf499f84160dd564 2 2 6517 5
66e22df4d406ad10b940fac61c7e1de9fc0fe5b1969338ed96dac8b6a2b223f8 1 1 4242 0
01c05575e33b083b76bf795bf4332bbcc0f7cc1a29b5ece52388b8ed82f5853c 2 2 5087 136
c70aa55957cbcf1f46bcdf81c995636507dbbc0cf9b5e569aa6f124e0542daa6 3 3 295446 3
c944ea80d9ed1a64b2165ed01b35cebc8e091258eca45b12ca4bba4fafa6621b 1 1 5183 0
4a4902db00f74ea151909c589626965e251a69f9c56ec22deaa14775a9afcb8f 1 1 5814 0
ada91ab8916fa09f8229c4dd399cd2c3fee4706feb13d29e77c42722b47b4563 9 9 1082632 122
925f5c8d43d70ebe1a63282a22f0e30a58867de2535d64aea5fb5daf5e0b521c 1 1 5954 0
d3b6571d1bf699aee201659a34359c99b70aa69b8ce8d7af21cfc8a8787b0450 1 1 23477 0
a5282cd97235fe48472e73aafb317c1707206ed8165869d5a695120a676871c9 2 2 18534 2372
e46917b54422aafb72468f280ca008a6fbfefb887b5f3ce0e311d1611f8795b9 4 4 5823 7
b05a1f9836bbb87a3573c99ef32dc5eec0994550ee3bbb635a4c608a049eb26c 2 2 15754 26
136dea83e24be043351f4c4f4c706463aa1b7567a0ffc7e3d537b31c62a3ee26 1 1 581 0
004a954feb45a126f0a40f5ec072aea61bb97494e406fdae0c39e5790706f9eb 1 1 278 0
f068ef225fc2ea21b7f212f4985e9d871f197296e59645225ed0dbdb46170ef6 6 6 9142 238
00f1094ea9d7c7fca9d60411730838e459484cc939c5da0da3a4a0bed4f23dcb 2 1 7908 2
9e8f645869552586dffcc67f7fd1d34b59df10bac631dbbbe189341fdc275cfb 5 0 0 0
4397858e04ef8b97065d2cf7c690a7d9ee15ddb06f0ea6906f0e9006bd99e53e 2 2 5754 141
59ebd27222ee18483085cc2b23472c6e6e662eb33e00e53aa95c87548c4e5e1d 1 1 442 0
28c8170032211f4445d83348fe4321f1eb2363e15f791b477746d62cac6f093c 3 3 368528 3
5722907ea9a1d9956671144efae7831420bca0b30e21c4997ad9a13084104115 5 5 9075 385
a8825e7c2a27e58e3d0a8d89a104e456740d09dc082ae92e6da5a823ca616767 4 4 6661 12
ec9e656cc9bf6e38eba368250063c1921edcca3de7b8f9bbccb53f769dbd92a1 1936 0 0 0
d027a872ec47267b91e55a0b3bc90d245280207a48165695596801fd6dd494c0 0 0 0 0
a260a393fa3fd018856172b08a4e83f0fa291e4b524914fe44dfc11d4322ca69 5 5 12010 576
cdd999727d7407ce24a4f4d0de261a5b650d4285ed69fd2bbc71852abb31e848 1 1 5746 0
bc8cf0d9e6c3d21de7f9b6f28ef26d00d877be4de876b97215d8da21281a3192 0 0 0 0
60a7387333776d95f963fcb03c34aa29275120d819ba5f8fa15423b06c4c1945 0 0 0 0
b0b53bc80ecc8316b90764c58e750c8f56445d89539c9f85422e97784bcad9ab 13 3 69 134
1c4ee6cc6a9de77e3acabd02704d7fd6707b31bc61eb50c9ac1f2d6a7d0ff911 1 1 3197 0
b5e0b9da1760aba3125b615d5d748c16582ae8c84a2af136781787013b3b82e8 0 0 0 0
4874ca237ef293ca2df63af38f296c52066599a442bff9a7bdf5695afe78ae1e 0 0 0 0
248b92d295763e8df19998cfc3c379076262be1fa8dccd2b7245b52f507f4ffe 0 0 0 0
924843b2b6fb2daf4c4d7f7f96d959de9a7f73d3c60b8a7a26f6b0bf3153dd13 3 3 10758 282
bf8d469525db983052115687100f53d8fa77ab060cbf7dcf44531fbbe97d5081 5 5 13944 757
86beda9f4d8d35973b636255976435c348f8f943aed2be0753fcbb9a70714807 12 12 15396 958
c9cf4fc248432caacb5058f9bf30625ff9089838e970a2e63eb6a64a6747e81f 4 2 35 1
e8a287e861ada2a1f0d38c969b1be2106675de527507b0865ca33cb3f3540fb4 2 0 0 0
27c0498a6d0bdc6c15c2d7e59681a623458bc0815c9657af5665b39d6c5344f8 1 0 0 0
72b5651dc5177ad5ccad3f4dc6981d148abe4323feabcb2103001aaa1175369e 0 0 0 0
dfc59c102ca28e95322609484c00d3f3adad48f657d9dd6b2076712611251aba 5 5 3013429 3
3af3f3244136a6eb23894aa9dede4b03bdf76f1fba3c032d3f9cdcb9736651b6 2 2 76 1
791da2e70d0081884544e5285789f6a9f96bc7e1127cb52c6ff85e6f86a7d4fd 6 6 7913 18
c645201d93cf264e18ac47a08fbf85ec52e4710943ffa0dedc1a3b470d2e724b 3 3 1200 1
eb5a352aa44e398a62242679e27a7ffb12e2fadb0bb8e1235a25d4157c39e0d6 15 15 16328 152
cd5f533136e544875bd5e40ab2dd744311c0d694c63c925b8f0b68f7efae5e3a 5 3 37 3
1582ba3358518c112860d45e9d1ac61629050b048339c63f0d9c59d68ec38316 32 11 1749 1155
6ebf1a92893616f80b24e1d2234f843243ed51aef76b780a5306b5bdc6e840a0 1 1 3728 0
40ef0df9bc722a2242ffe21c9aa0cd413eefec25771a983771a3deacd197939a 1 1 800 0
4d049f8a2edc75246aa718cd388239d983330f02057a4da5b59e300a006d3d18 3 3 20531 2
16d97e00ed78509cbab4151f2f8b7e017077ae9da4149bae73dd666ffb468022 3 3 7461 0
cb6a8d2636a143d80276440263b5a8eb402950fd0f3c6425602c8b1203ffbaf8 17 17 21826 3185
9f871084421342a26ba00c1cd1aad24bb5a7af604c0b14593ce96f3c4e9e402c 12 12 6364 1186
1d18e2381f2700066aa6c112f4ba8f7579c97f8c6e997d64165b6e971996a4e8 26 0 0 0
524b9faf99c3187aa7f0524e4b9d1c9e85517981132b07763e7d34da99bbf9e3 1 1 285 0
cc98fb788f39913108fe76837c9045dad50bf7f74d6ea4a50c517815d3fd8689 1 1 3254 0
a46b01db47e355f9e7613baa92e8d5343b4f3104d0458c6d1cd55bf5fbc55672 1 1 3378 0
3cdfededf38d0e111742e2b6dd16b7a241796aebb5c819bf63579371975ce88c 1 1 8709 0
c243df0795b45076fe2bf78f2c364ab1bd0eb78fef9617e88edc358d21a1bcf4 8 8 20791 353
163de0bb45759e495ba08c8da8530b9433b8590626b76eb80b09c591e993a49a 14 14 44471 2910
eab5d3c62e5f6d31e6ed07571a574a650daaa047144e0795b7fe5bada1998511 23 23 43558 21824
9d47447c0ee2d83bbb8b944c03e5d2a284264a5f4efbf390d5309f71e0e91b7b 1 1 4797 0
c16a978d61c56e4a766522e2bf8b4feb509f5b8f7cb348f8ab459860a01d78d6 5 5 8091 1147
a7429bb26e80b88a3475dcf14b79bbf38e14d071518377aec2b4ac9492bd7424 6 6 13756 401
526c3688004bc40f12e7e36085327588285c6aca330f2a3cde6959e2cb7fa927 6 6 10997 61
62b16337475dc1211a59fc17f9c382cb1f4fb2d1d6f83761ecdc273c3f030ef5 10 10 535 7
435c7f0ac54bd05372061f3a9e05dd4ac397dabbf8f94cbe506d38d8192405c3 97 0 0 0
de7f9b724e310dc5a7fef8fbeee897f2c3ecb11feeb1dfd09535b4ca762c853b 15 15 774 7
b2297c37dc07fefec7cf928de455e971f474a5a123d9e4b4d2de939019987cc5 3 3 136 2
ee9d1c06b34553691b7d7235fa32b1a9744d55832e0d9dcd8dc788a65557d0dc 0 0 0 0
391f0ed1ea35ebd6567d9664d784b57a1c6077e4da92f8238502e253d19f62d8 2 2 7597 0
9332d9760c6a6275a1b2b3daf02950f1f586b1c15c477161daa2f88c5dc62a2d 1 1 1241 0
cee13ee09963e9b2655f92dde393d3b7c9a847f698c5499e50fcdaa799f3c543 2 1 1 0
93f403c1159b8aaac7761261b266d5b7be14a8341f4ed3e7753d6aba9515f801 44 44 44040 19612
70b7472640169aa5c6c6600dce65d3217cd6deb56f91a55172a78c86216d1ce4 1 1 1093 0
3f718684ab24c872df8949b0c3e04d3787bcbda97b2a016cbd4aa67492996254 1 1 22787 0
32e2294660713d83da50caa836c1467a5c28787e3ad41f19460dc63420d59594 7 7 15408 307
697c3d0873135293fd5636d067fe1c7932fbce5cab87c690a5722523d6b2e9e3 39 39 55423 3677
f8f1e146f15dcc1494b424f633de6b999c4eca440494667f8ba7ccfb393903d6 2 2 464 0
3b941cce81de19012b0d47ac8b705766bfe8d06b12e4a6ac44cf8d9118b157a1 36 35 35184 7154
33b9135e44c3bcff746c6ab84fbefc199cac3e236fcd412aec087e89bbdc4e98 60 60 42792 1438
d09d7699890c5c558a44b3322619febe5823c46c7cd8ca7b24fb8fe4c18efae0 2903 0 0 0
3f251fb4dbc240f3d2e88d2b4d7079b5ff6e6fb4a0ca63ce35b564528c19d5a0 10 10 10470 234
a90ef2c544b5517f8098e64e3b2a147fc0123363b1ceafc52debf7e7c498837b 0 0 0 0
29478b3cda77ec8516aae1376d5e1aa3672e7543f01b01eed941b9c7f823c6c9 14 14 13692 338
d60aa6b110f797cbc2eb9877a26de0bf8376eda892f586c33599ccfab82a1787 4918 0 0 0
99185baf5ba008d1aee2df9cb02c65a1dcd681e949fbe6de02943d5ce96cf026 2 2 13959 45
85f88191950f1d8ce100ac0b5f1d4d9d75e3afb40efa147c89736b891666bb59 28 28 47051 8532
f611004e022620fcf6403a3c4ebf3c36450dc64050977651a49f57dabbd8c2ae 41 0 0 0
45780d53b30d2f517fa6103f227006e728bb0d154f04b4e6446b5e5c1b335595 854 0 0 0
6b30b61d97486366ca7b03f3c880a69649966f2310fd7711b448db03870f9af5 18 18 29273 350
6a87a84af347897d6a391b25d7d0af9baea35b861059472ed1388a2d554920d5 7 3 16603 1
4eaff6424a1d90c71da93939dfa0e0c2b211c8ea6ec6dbb7cef02c46d7879a4b 8 8 27293 1457
a7766d0ca8a36ac023a62c18be81d96bde3f263f1135f480e7f3856ea49d9a33 5 2 10702 1
069c8131aeefe59eda2789106114d8dcbb512d3e0f459b2646c5c45b31617100 3 3 14735 345
9ecc22d323e6cdcfc66107d986749ac15448f1f3144390663eb0538bf2a616bd 3 3 20712 463
e5e4cdf15608e244567a2dab046b04f729cd0b36b16fcefbd5097bf7872546ce 41 0 0 0
756eb0f1b81ea5e19cd7c2e5063fc177cbf00f76fcd21546b206e6ba34dff9ee 1 1 1044 0
8ae360bfd6d7181bfb6d57a05f8e750df82421da238176cc3defbf3785f9d800 632 0 0 0
e1e2a499c8f5316e4c9126101e49c86da1007f0c565feefda45cfd438de25140 40 0 0 0
92983cbe730ab2087fac099f2bf5913ca457bb2e17aeaa5a13399eed837e869e 667 0 0 0
d2013d7776c69475ce720c996b810827e882cd60c46ece87e55a0edab93ad306 646 14 8583 2529
7079560f48e46c414c8114db215438b4b56d7022ab7742b020ef6b92e7b6d2e5 1 1 769 0
c8284cb93475351fe39cd9213028eba1368fa67b94c3006cb2168551eed0d9c5 34 0 0 0
9f9c02370cdcdd88ab84da49af061fbff8eebbe007e88d12aa2492ea04e6d1e6 5 2 6830 1
64a775c8f23b45f02cf04d1709f42d442e592d688ea3f2ddcdd9e426472a50b0 2 2 334 1
3743162f52bba01366cf191de15c02c042a20c12faa8dd391570a7dbc54cd04b 5 5 21141 2
6bca40ac4b762bd9032c47ecd7893b0600eb0b1e3a6ca8fa62d274185dd9a0e3 41 41 38161 5590
40e9a97b3d914a1f53eac8a1019e5428429204b1bcb998d8b800337a364fc6a1 667 0 0 0
aa09fe95a26da3506e374545efdac7a01ef9b40d5e5ed8a89a3cba1ad3f2d54e 764 97 214847 191729
d0d3c7b9280ad951ff2a8886e9b0c3e6a8956bd42d739d1e7c990b2e5001a01f 68 68 27313 6305
4a2ccf2e99a7747537760b385cd31f23808d2d44a90cca40a93b6c44b1754e69 28 28 22435 55
d6f9e3e05875530e0d552c502834125b8f5028969d6a57407920cc368a2f9961 3 3 13353 9
f608679a6e72e490ef1f7d39a47a0c07de10cfc3d239f775fc443ec029ac02ab 2 2 40 2
54de13cf941e133aae4e45a9588454e3bf13e49861512a32735ab97606fe54ed 617 617 49063 3751
30926d2dd43dcc899dd249657c906456540669575a0a52148a8cd59eb5eb0993 343 0 0 0
dae2e9acda5fed3ec3a38c50c0440b1b4c714b4993f61f8b835345cff7dcac1a 8 8 498 2
1a1ca963c157710daf2dd78b873ed38c20dfe22547675859ee347a92905ac264 1 1 0 0
cd7c4e8fa6b80307835c37670b46339abe641d46e8622ad7be9c5652b0c6af9e 19 19 53139 24
4a18bb76383d12a2a8dfd81240acfa0f3be15eeb1e75f5afee49815331a129f3 54 54 8919 1017
c017d5bf3c469ed5936121a8ddd3c2dad25f79a5e0a5f1e10617f1a40cdcc9d9 2 2 8177 0
bbb1ff9f23658a4d5a6a09f59eb2cc14e347d37edb80f6b1724e25a7eb82c5fe 2 2 4024 1
